examples
115 0 0 
33 0 0 
160 0 5 
53 0 0 
65 0 0 
153 0 1 
81 0 0 
164 0 0 
163 0 4 
159 0 1 
113 0 0 
141 0 7 
161 0 4 
200 0 0 
39 0 0 
154 0 0 
30 0 0 
85 0 0 
62 0 0 
161 0 6 
45 0 0 
53 0 0 
57 0 0 
92 0 0 
61 0 0 
148 0 0 
34 0 0 
138 0 0 
79 0 0 
68 0 0 
134 0 0 
193 0 0 
33 0 0 
88 0 0 
164 0 0 
127 0 0 
51 0 0 
32 0 0 
31 0 0 
159 0 0 
86 0 0 
146 0 0 
177 0 2 
23 0 0 
76 0 0 
36 0 0 
49 0 0 
35 0 0 
71 0 0 
152 0 0 
62 0 0 
128 0 0 
84 0 0 
293 0 0 
125 0 0 
80 1 0 
166 0 3 
38 0 0 
26 0 0 
44 0 0 
112 0 0 
52 0 0 
29 0 0 
60 0 0 
114 0 0 
158 0 1 
126 0 0 
166 0 6 
83 0 0 
38 0 0 
50 0 0 
33 0 0 
49 0 0 
46 0 0 
24 0 0 
47 0 0 
77 0 0 
54 0 0 
46 0 0 
80 0 0 
26 0 0 
36 0 0 
36 0 0 
40 0 0 
18 0 0 
59 0 0 
125 0 0 
148 0 0 
46 0 0 
45 0 0 
66 0 0 
199 0 1 
145 0 0 
144 0 6 
111 0 1 
163 0 5 
37 0 0 
55 0 0 
182 0 0 
35 0 0 
61 0 0 
85 0 0 
80 0 0 
164 0 0 
187 0 0 
48 0 0 
99 0 0 
47 0 0 
86 0 0 
119 0 0 
34 0 0 
44 0 0 
35 0 0 
100 0 0 
164 0 5 
147 0 0 
160 0 0 
158 0 3 
76 0 0 
90 0 0 
149 0 5 
162 0 6 
57 0 0 
161 0 4 
56 0 1 
44 0 0 
24 0 0 
248 0 0 
26 0 0 
111 0 0 
32 0 0 
13 0 0 
43 0 0 
29 0 0 
131 0 2 
167 1 3 
42 1 0 
38 0 0 
50 0 0 
160 0 1 
90 0 0 
37 0 0 
31 0 0 
160 0 0 
46 0 0 
29 0 0 
52 0 0 
164 0 1 
88 0 0 
37 0 0 
34 0 0 
49 0 0 
63 0 0 
29 0 0 
164 0 0 
388 0 0 
32 0 0 
31 0 0 
161 0 0 
129 0 1 
151 0 1 
119 0 0 
68 0 0 
89 0 0 
157 0 3 
160 0 0 
55 0 0 
162 0 4 
78 0 0 
71 0 0 
63 0 0 
54 0 0 
98 0 0 
37 0 0 
109 0 0 
65 0 0 
69 0 0 
30 0 0 
150 0 0 
70 0 0 
130 0 0 
163 0 0 
27 0 0 
69 0 0 
28 0 0 
30 0 0 
156 0 0 
38 0 0 
154 0 6 
59 0 0 
92 0 0 
77 0 1 
189 0 0 
41 0 0 
115 0 0 
96 0 0 
32 0 0 
32 0 0 
68 0 0 
135 0 0 
44 0 0 
32 0 0 
88 0 0 
178 0 0 
28 0 0 
29 0 1 
68 0 0 
160 0 0 
32 0 0 
90 0 0 
43 0 0 
77 0 0 
30 0 0 
27 0 0 
28 0 0 
35 0 0 
62 0 0 
52 0 0 
45 0 0 
36 0 0 
163 0 0 
29 0 0 
165 0 0 
26 0 0 
123 0 0 
148 0 5 
73 0 0 
142 0 0 
34 0 0 
169 0 0 
38 0 0 
113 0 0 
41 0 0 
37 0 0 
52 0 0 
162 1 3 
54 0 0 
69 0 0 
42 0 0 
149 0 0 
150 0 1 
55 0 0 
49 0 0 
87 0 0 
159 0 0 
41 0 0 
82 0 0 
34 0 0 
35 0 0 
150 0 0 
155 0 5 
48 0 0 
183 0 0 
31 0 0 
183 0 0 
42 0 0 
101 0 0 
47 0 0 
40 0 0 
159 0 2 
78 0 0 
7 0 0 
89 0 0 
55 0 1 
126 0 2 
30 0 0 
39 0 0 
51 0 0 
164 0 5 
51 0 0 
138 0 0 
57 0 0 
151 0 0 
160 0 3 
41 0 0 
35 0 0 
12 0 0 
42 0 0 
34 0 0 
51 0 0 
60 0 0 
26 0 0 
147 0 0 
33 0 0 
11 0 0 
125 0 0 
62 0 0 
8 0 0 
152 0 0 
164 0 0 
156 0 0 
41 0 0 
59 0 0 
25 0 0 
26 0 0 
54 0 0 
164 0 4 
71 0 0 
157 0 0 
55 0 0 
71 0 0 
92 0 0 
161 0 0 
95 0 0 
28 0 0 
151 0 1 
61 0 0 
30 0 0 
75 0 0 
143 0 0 
59 0 0 
160 0 0 
139 0 6 
123 0 0 
146 0 0 
45 0 0 
30 0 0 
123 0 0 
50 0 0 
162 0 1 
27 0 0 
55 0 0 
66 0 0 
111 0 0 
161 0 0 
34 0 0 
36 0 0 
35 0 0 
83 0 0 
36 0 0 
90 0 0 
26 0 0 
80 0 0 
133 0 4 
236 0 0 
164 0 4 
49 0 0 
61 0 0 
30 0 0 
26 0 0 
45 0 0 
32 0 0 
155 0 1 
33 0 0 
38 0 0 
56 0 0 
37 0 0 
89 0 0 
35 0 0 
116 0 2 
82 0 0 
54 0 0 
67 0 0 
152 0 0 
133 0 0 
49 0 0 
206 0 0 
155 0 5 
153 0 5 
172 0 0 
89 0 0 
42 0 0 
19 0 0 
35 0 0 
92 0 0 
164 0 0 
54 0 0 
170 0 2 
134 0 1 
30 0 0 
35 0 0 
133 0 0 
38 0 0 
58 0 0 
166 0 0 
162 0 1 
27 0 0 
57 0 0 
135 0 0 
40 0 0 
147 0 0 
304 0 0 
63 0 0 
46 0 0 
45 0 1 
154 0 1 
26 0 0 
35 0 0 
34 0 0 
160 0 2 
51 0 0 
29 0 0 
84 0 0 
26 0 0 
119 0 0 
60 0 1 
106 0 0 
122 0 0 
225 0 0 
208 0 0 
118 0 0 
163 0 6 
43 0 0 
40 0 0 
52 0 0 
81 0 0 
64 0 0 
172 0 0 
55 0 0 
26 0 0 
156 0 0 
79 0 0 
34 0 0 
99 0 0 
28 0 0 
54 0 4 
39 0 0 
33 0 0 
112 0 3 
70 0 0 
164 0 5 
52 0 0 
167 0 4 
28 0 0 
142 0 4 
252 0 0 
29 0 0 
31 0 0 
41 0 0 
73 0 0 
154 0 0 
28 0 0 
84 0 0 
162 0 6 
29 0 0 
77 0 0 
93 0 0 
62 0 0 
40 0 0 
80 0 1 
51 0 0 
108 0 0 
42 0 0 
73 0 0 
26 0 0 
125 0 0 
98 0 0 
74 0 0 
77 0 0 
46 0 0 
21 0 1 
17 0 0 
49 0 0 
61 0 0 
109 0 0 
169 0 5 
51 0 0 
121 0 0 
162 0 0 
83 0 1 
146 0 0 
66 0 0 
75 0 0 
180 0 4 
33 0 0 
33 0 0 
152 0 0 
87 0 0 
41 0 0 
48 0 0 
49 0 0 
166 0 5 
54 0 0 
302 0 0 
164 1 3 
129 0 0 
55 0 0 
32 0 0 
38 0 0 
50 0 0 
85 0 0 
32 0 0 
94 0 0 
22 0 0 
58 0 0 
59 0 0 
49 0 0 
151 0 2 
44 0 0 
111 0 0 
54 0 0 
124 0 0 
165 0 3 
36 0 0 
38 0 0 
36 0 0 
20 0 0 
71 0 0 
59 0 0 
47 0 0 
27 0 0 
153 0 0 
25 0 0 
27 0 0 
44 0 0 
175 0 7 
121 0 0 
66 0 0 
170 0 0 
28 0 0 
140 0 0 
103 0 0 
49 0 0 
27 0 0 
29 0 0 
153 0 6 
30 0 0 
151 0 1 
94 0 0 
172 0 0 
121 0 0 
50 0 0 
30 0 0 
32 0 0 
36 0 0 
150 0 8 
61 0 0 
165 0 5 
46 0 0 
116 0 1 
40 0 0 
151 0 8 
54 0 0 
37 0 0 
19 0 0 
181 0 0 
164 0 0 
67 0 0 
88 0 0 
88 0 0 
61 0 0 
101 1 2 
173 0 0 
80 0 0 
51 0 0 
134 0 0 
27 0 0 
153 0 0 
36 0 0 
26 0 0 
105 0 0 
285 0 0 
58 0 0 
124 0 0 
142 0 0 
139 0 0 
70 0 0 
44 0 0 
44 0 0 
74 0 0 
164 0 0 
30 0 0 
36 0 0 
55 0 0 
165 0 5 
150 0 0 
107 0 0 
49 0 0 
146 0 0 
96 0 0 
30 0 0 
138 0 0 
41 0 0 
26 0 0 
26 0 0 
37 0 0 
74 0 2 
113 0 0 
40 0 0 
105 0 2 
144 0 0 
55 0 0 
50 0 0 
154 0 3 
67 0 0 
99 0 0 
73 0 0 
114 0 0 
57 0 0 
31 0 0 
38 0 0 
132 0 4 
147 0 4 
153 0 7 
28 0 0 
151 0 0 
28 0 0 
33 0 0 
91 0 3 
91 0 0 
42 0 0 
108 0 0 
63 0 0 
42 0 0 
42 0 0 
26 0 0 
29 0 0 
140 1 3 
91 0 0 
23 0 0 
70 0 0 
145 0 2 
160 0 0 
26 0 0 
111 0 0 
69 0 0 
151 0 0 
141 0 0 
29 0 0 
64 0 0 
107 0 0 
41 0 0 
62 0 0 
91 0 0 
62 0 0 
127 0 0 
71 0 0 
70 0 0 
106 0 0 
135 0 1 
155 0 4 
39 0 0 
12 0 0 
66 0 0 
62 0 0 
148 0 1 
24 0 0 
104 0 0 
55 0 0 
40 0 0 
57 0 0 
92 0 0 
137 0 0 
40 0 0 
41 0 0 
131 0 0 
96 0 0 
84 0 0 
141 0 6 
39 0 0 
102 0 4 
70 0 0 
123 0 0 
69 0 0 
30 0 0 
32 0 0 
49 0 0 
161 0 0 
40 0 0 
98 0 0 
64 0 2 
144 0 0 
26 0 0 
61 0 0 
47 0 0 
65 0 0 
60 0 0 
58 0 0 
41 0 0 
29 0 0 
25 0 0 
40 0 0 
98 0 1 
159 0 3 
157 0 0 
50 0 0 
38 0 0 
84 0 0 
73 0 0 
28 0 0 
112 0 0 
50 0 0 
34 0 0 
26 0 0 
163 0 4 
91 0 0 
34 0 0 
147 0 0 
173 0 0 
46 0 0 
116 0 2 
22 0 0 
113 0 3 
80 0 0 
77 0 0 
96 0 0 
40 0 0 
58 0 0 
82 0 0 
34 0 0 
44 0 0 
33 0 0 
26 0 0 
81 0 0 
113 0 0 
79 0 0 
80 0 0 
34 0 0 
53 0 1 
160 0 0 
165 0 2 
320 0 0 
199 0 0 
42 0 3 
129 0 0 
52 0 0 
43 0 0 
168 0 6 
125 0 0 
152 0 4 
166 0 0 
33 0 0 
42 0 0 
29 0 0 
44 0 0 
230 0 0 
74 0 0 
144 0 0 
51 0 0 
67 0 0 
21 0 0 
106 0 0 
45 0 0 
84 0 0 
141 0 0 
107 0 0 
33 0 0 
55 0 0 
154 0 4 
29 0 0 
153 0 0 
42 0 0 
66 0 0 
185 0 0 
38 0 0 
51 0 0 
44 0 1 
114 0 0 
137 0 2 
105 0 0 
46 0 0 
107 0 1 
70 0 0 
31 0 0 
35 0 0 
86 0 0 
27 0 0 
63 0 0 
137 0 0 
37 0 0 
99 0 0 
101 0 2 
139 0 0 
166 0 10 
155 0 0 
77 0 0 
156 0 5 
107 0 0 
26 0 0 
55 0 0 
141 0 0 
62 0 0 
93 0 0 
85 0 0 
61 0 0 
30 0 0 
36 0 0 
149 0 0 
124 0 0 
147 0 0 
27 0 0 
140 0 0 
98 0 0 
12 0 0 
104 0 3 
69 0 0 
75 0 0 
121 0 0 
134 0 1 
163 0 3 
32 0 0 
154 0 0 
35 0 0 
76 0 0 
74 0 0 
98 0 0 
52 0 0 
165 0 4 
100 0 0 
35 0 0 
45 0 0 
159 0 5 
75 0 0 
167 0 5 
148 0 6 
29 0 0 
26 0 0 
52 0 0 
37 0 0 
48 0 0 
51 0 0 
30 0 0 
116 0 0 
155 0 4 
23 0 0 
138 0 1 
52 0 0 
111 0 0 
42 0 0 
31 0 0 
131 0 0 
135 0 0 
27 0 0 
161 0 2 
166 0 3 
29 0 0 
46 0 0 
31 0 0 
26 0 0 
102 0 0 
93 0 0 
152 0 2 
134 0 0 
157 0 0 
219 0 0 
30 0 0 
70 0 0 
154 0 3 
376 0 0 
160 0 2 
167 0 5 
86 0 0 
77 0 0 
80 0 0 
158 0 6 
28 0 0 
235 0 0 
91 0 0 
76 0 0 
109 0 0 
165 0 5 
58 0 0 
62 0 0 
58 0 0 
120 0 0 
92 0 0 
149 0 1 
33 0 0 
140 0 0 
27 0 0 
43 0 0 
39 0 0 
28 0 0 
99 0 0 
77 0 0 
49 0 0 
166 0 2 
163 0 0 
154 0 7 
139 0 0 
159 0 3 
96 0 0 
106 0 0 
35 0 0 
81 0 0 
143 0 0 
163 0 6 
48 0 0 
142 0 2 
137 0 0 
148 0 1 
132 0 0 
280 0 0 
82 0 0 
31 0 0 
83 0 0 
28 0 0 
56 0 0 
72 0 0 
28 0 0 
48 0 0 
28 0 0 
59 0 0 
66 0 0 
108 0 0 
91 0 0 
152 0 0 
53 0 0 
158 0 0 
60 0 0 
163 0 5 
130 0 0 
47 0 0 
81 0 0 
53 0 0 
88 0 0 
53 0 0 
167 0 0 
83 0 0 
35 0 0 
160 0 3 
150 0 0 
27 0 0 
164 0 0 
66 0 0 
43 0 0 
71 0 0 
77 0 0 
152 0 0 
92 0 0 
41 0 0 
27 0 0 
60 0 0 
57 0 0 
77 0 0 
84 0 0 
48 0 0 
96 0 0 
39 0 0 
27 0 0 
145 0 3 
110 0 0 
107 0 0 
38 0 0 
81 0 0 
164 0 5 
30 0 0 
51 0 0 
28 0 0 
154 0 7 
137 0 0 
130 0 0 
82 0 0 
137 0 1 
120 0 0 
225 0 0 
63 0 0 
142 0 6 
147 0 0 
28 0 0 
42 0 0 
46 0 0 
28 0 0 
161 0 0 
51 0 0 
46 0 0 
126 0 0 
130 0 0 
30 0 0 
118 0 0 
11 1 0 
38 0 0 
162 0 4 
96 0 0 
94 0 0 
26 0 0 
89 0 0 
67 0 0 
224 0 0 
45 0 0 
64 0 1 
92 0 0 
35 0 0 
41 0 0 
32 0 0 
28 0 0 
122 0 0 
26 0 0 
214 0 0 
54 0 0 
53 0 0 
91 0 0 
65 0 0 
146 0 1 
58 0 0 
32 0 0 
53 0 0 
57 0 0 
149 0 0 
166 0 6 
57 0 0 
16 0 1 
146 0 0 
77 0 0 
133 0 0 
37 0 0 
51 0 0 
76 0 0 
152 0 0 
111 0 0 
45 0 0 
27 0 0 
154 0 6 
108 0 0 
49 0 0 
30 0 0 
41 0 0 
155 0 1 
136 0 1 
67 0 0 
112 0 0 
97 0 0 
47 0 0 
50 0 0 
60 0 0 
41 0 0 
128 0 0 
163 0 5 
42 0 0 
57 0 0 
35 0 0 
228 0 0 
161 0 4 
28 0 0 
28 0 0 
56 0 0 
52 0 0 
32 0 0 
47 0 0 
53 0 0 
30 0 0 
62 0 0 
21 0 0 
30 0 0 
131 0 0 
107 0 0 
161 0 0 
38 0 0 
132 0 0 
159 0 0 
55 0 0 
64 0 0 
34 0 0 
45 0 0 
107 0 0 
106 0 3 
23 0 0 
116 0 0 
109 0 3 
82 0 0 
140 0 3 
45 0 0 
50 0 0 
140 0 0 
50 0 0 
161 0 0 
28 0 0 
21 0 0 
24 0 1 
88 0 0 
158 0 4 
67 0 0 
159 0 0 
126 0 0 
148 0 1 
54 0 0 
29 0 0 
48 0 0 
69 0 0 
139 0 2 
25 0 0 
51 0 0 
162 0 4 
95 0 0 
139 0 0 
43 0 0 
87 0 0 
48 0 0 
32 0 0 
28 0 0 
71 0 0 
71 0 0 
37 0 0 
28 0 0 
123 0 0 
914 0 0 
162 0 0 
39 0 0 
28 0 0 
158 0 6 
57 0 0 
152 0 5 
76 0 0 
23 0 0 
192 0 0 
75 0 0 
27 0 0 
147 0 1 
164 0 0 
77 0 0 
110 0 0 
84 0 0 
109 0 0 
47 0 0 
72 0 0 
164 0 0 
36 0 0 
163 0 0 
144 0 0 
105 0 0 
35 0 0 
27 0 0 
62 0 0 
41 0 0 
65 0 0 
64 0 0 
58 0 0 
73 0 0 
75 0 3 
76 0 0 
161 0 5 
44 0 0 
158 0 3 
40 0 0 
39 0 0 
38 0 0 
161 0 4 
83 0 0 
125 0 0 
110 0 3 
68 0 0 
29 0 0 
26 0 0 
39 0 0 
160 0 0 
62 0 0 
35 0 0 
125 0 1 
28 0 0 
21 0 0 
156 0 0 
45 0 0 
163 0 4 
84 0 0 
89 0 0 
119 0 0 
120 0 1 
29 0 0 
49 0 0 
74 0 0 
26 0 0 
47 0 0 
26 0 0 
26 0 0 
145 0 3 
76 0 0 
95 0 0 
74 0 0 
144 0 0 
35 0 0 
56 0 1 
44 0 0 
27 0 0 
160 0 5 
149 0 0 
58 0 0 
47 0 0 
34 0 0 
43 0 0 
75 0 0 
150 1 0 
77 0 0 
164 0 2 
27 0 0 
30 0 0 
63 0 0 
154 0 0 
171 0 0 
30 0 0 
70 0 0 
39 0 0 
30 0 0 
30 0 0 
53 0 0 
42 0 0 
40 0 0 
22 0 0 
52 0 0 
72 0 0 
77 0 0 
53 0 0 
17 0 0 
67 0 0 
137 0 0 
160 0 2 
17 0 0 
54 0 0 
78 0 0 
52 0 0 
142 0 0 
168 0 0 
44 0 0 
24 0 0 
65 0 0 
65 0 0 
152 0 5 
134 0 0 
153 0 3 
41 0 0 
35 0 0 
31 0 0 
45 0 0 
53 0 0 
56 0 0 
128 0 0 
67 0 0 
89 0 0 
55 0 1 
74 0 0 
59 0 0 
123 0 0 
148 0 3 
26 0 0 
47 0 0 
50 0 0 
151 0 1 
79 0 0 
164 0 1 
47 0 0 
128 0 4 
35 0 0 
80 0 0 
55 0 0 
31 0 0 
38 0 0 
131 1 0 
140 0 0 
28 0 0 
37 0 0 
67 0 0 
100 0 0 
57 0 0 
63 0 0 
56 0 0 
49 0 0 
38 0 0 
57 0 0 
115 0 0 
64 0 0 
156 0 0 
59 0 0 
88 0 0 
86 0 1 
91 0 0 
88 0 0 
30 0 0 
62 0 0 
50 0 0 
47 0 0 
28 0 0 
101 0 0 
74 0 0 
183 0 0 
125 0 4 
58 0 0 
30 0 0 
160 0 0 
129 0 0 
52 0 0 
152 0 3 
44 0 0 
85 0 0 
120 0 0 
9 0 0 
71 0 1 
85 0 0 
24 0 0 
17 0 0 
41 0 0 
70 0 0 
73 0 0 
59 0 0 
49 0 0 
163 0 0 
29 0 0 
32 0 0 
44 0 0 
160 0 0 
142 0 0 
28 0 0 
74 0 3 
66 0 1 
90 0 0 
178 0 0 
52 0 0 
52 0 0 
29 0 0 
58 0 0 
42 0 0 
50 0 0 
68 0 0 
137 0 0 
40 0 0 
136 0 0 
55 0 0 
52 0 0 
66 0 0 
168 0 2 
160 0 0 
52 0 0 
43 0 0 
107 0 0 
87 0 0 
88 0 0 
43 0 0 
126 0 0 
158 0 0 
40 0 0 
145 0 0 
9 0 0 
34 0 0 
61 0 0 
58 0 0 
38 0 0 
89 0 2 
143 0 0 
39 0 0 
35 0 0 
131 0 3 
52 0 0 
98 0 0 
31 0 0 
32 0 0 
45 0 0 
46 0 0 
154 0 0 
166 0 0 
86 0 0 
49 0 0 
60 0 0 
45 0 0 
27 0 0 
116 0 0 
42 0 0 
164 0 0 
36 0 0 
51 0 0 
86 0 0 
29 0 0 
55 0 0 
160 0 2 
26 0 0 
34 0 0 
125 0 0 
57 0 0 
88 0 0 
28 0 0 
85 0 0 
156 0 0 
135 0 0 
331 0 0 
53 0 0 
69 0 0 
33 0 0 
211 0 0 
118 0 0 
106 0 4 
53 0 0 
112 0 0 
40 0 0 
36 0 0 
54 0 0 
84 0 0 
145 0 0 
156 0 2 
159 0 6 
27 0 0 
44 0 0 
164 0 1 
29 0 0 
148 0 3 
26 0 0 
157 0 0 
76 0 0 
207 0 0 
328 1 0 
119 0 0 
31 0 0 
143 0 0 
50 0 0 
119 0 0 
159 0 0 
39 0 0 
86 0 0 
11 0 0 
40 0 0 
77 0 0 
28 0 0 
53 0 0 
52 0 0 
159 0 0 
97 0 0 
103 0 0 
159 0 0 
52 0 0 
46 0 0 
28 0 0 
168 0 0 
34 0 0 
48 0 0 
28 0 0 
38 0 0 
148 0 0 
183 0 0 
148 0 4 
56 0 0 
86 0 0 
43 0 0 
84 0 0 
39 0 0 
84 0 0 
45 0 0 
31 0 0 
157 0 4 
36 0 0 
37 0 0 
45 0 0 
9 0 0 
130 0 0 
170 0 0 
76 0 0 
145 0 0 
126 0 0 
42 0 0 
67 0 0 
51 0 0 
26 0 0 
119 0 0 
75 0 0 
38 0 0 
76 0 0 
136 0 0 
30 0 0 
42 0 0 
146 0 4 
29 0 0 
31 0 0 
163 0 1 
111 0 0 
147 0 2 
17 0 0 
29 0 0 
69 0 0 
37 0 0 
27 0 0 
57 0 0 
164 0 0 
108 0 0 
159 0 3 
153 0 0 
86 0 0 
148 0 0 
55 0 0 
158 0 7 
118 0 0 
135 0 0 
164 0 6 
178 0 0 
46 0 0 
166 0 3 
155 0 0 
41 0 0 
65 0 0 
78 0 0 
97 0 0 
145 0 0 
89 0 0 
82 0 0 
37 0 0 
94 0 0 
151 0 0 
37 0 0 
36 0 0 
9 0 0 
153 0 0 
26 0 0 
136 0 0 
158 0 0 
35 0 0 
55 0 0 
22 0 0 
176 0 0 
135 0 3 
80 0 0 
82 0 0 
116 0 0 
62 0 0 
162 0 0 
64 0 0 
158 0 0 
159 0 0 
38 0 0 
127 0 4 
30 0 0 
35 0 0 
30 0 0 
68 0 0 
126 0 0 
183 0 0 
60 0 0 
152 0 0 
94 0 0 
114 0 0 
462 0 0 
40 0 0 
32 0 0 
37 0 0 
55 0 0 
162 0 0 
49 0 0 
41 0 0 
164 0 7 
43 0 0 
100 0 0 
19 0 0 
33 0 0 
36 0 0 
156 0 0 
33 0 0 
40 0 0 
58 0 0 
33 0 0 
51 0 0 
176 0 0 
36 0 0 
26 0 0 
155 0 4 
95 0 0 
57 0 0 
28 0 0 
125 0 0 
40 0 0 
216 0 0 
29 0 0 
161 0 2 
63 0 0 
159 0 0 
41 0 0 
83 0 0 
28 0 0 
54 0 0 
79 0 0 
45 0 0 
12 0 0 
40 0 0 
35 0 0 
77 0 1 
131 0 0 
18 0 0 
101 0 0 
127 0 0 
96 0 0 
67 0 0 
62 0 0 
50 0 0 
30 0 0 
147 0 0 
33 0 0 
35 0 0 
160 0 0 
41 0 0 
67 0 0 
37 0 0 
150 0 5 
154 0 3 
108 0 0 
62 0 0 
66 0 0 
188 0 0 
615 0 0 
65 0 0 
66 0 0 
68 0 0 
51 0 0 
96 0 0 
26 0 0 
342 0 0 
90 0 0 
163 0 0 
34 0 0 
109 0 0 
152 0 0 
34 0 0 
56 0 0 
141 0 6 
156 0 0 
47 0 0 
151 0 1 
149 0 5 
39 0 0 
51 0 0 
29 0 0 
131 0 0 
29 0 0 
147 0 0 
132 0 0 
28 0 0 
47 0 0 
103 0 1 
156 0 0 
41 0 0 
36 0 0 
7 0 0 
158 1 2 
32 0 0 
59 0 0 
32 0 0 
125 0 0 
33 0 0 
119 0 0 
43 0 0 
158 0 0 
152 0 0 
137 0 0 
48 0 0 
76 0 2 
160 0 0 
29 0 0 
152 0 5 
45 0 0 
87 0 0 
49 0 0 
77 0 0 
162 0 0 
51 0 0 
166 0 5 
163 0 0 
169 0 0 
160 0 0 
41 0 0 
165 0 3 
45 0 0 
140 0 0 
28 0 0 
39 0 0 
29 0 0 
35 0 0 
40 0 0 
136 0 0 
160 0 0 
34 0 0 
122 0 0 
86 0 0 
128 0 4 
151 0 0 
77 0 0 
26 0 0 
94 0 0 
65 0 0 
153 0 5 
32 0 0 
46 0 0 
79 0 0 
165 0 3 
31 0 0 
18 0 0 
133 0 0 
77 0 0 
92 0 0 
31 0 0 
151 0 0 
15 0 0 
27 0 0 
163 0 4 
78 0 1 
29 0 0 
148 0 0 
55 0 0 
44 0 0 
160 0 0 
126 0 0 
22 0 0 
10 0 0 
130 0 0 
50 0 0 
34 0 0 
39 0 0 
179 0 4 
119 0 1 
36 0 0 
27 0 0 
131 0 2 
46 0 0 
103 0 0 
100 0 0 
78 0 0 
76 0 0 
80 0 0 
64 0 0 
153 0 1 
9 0 0 
35 0 0 
81 0 0 
37 0 1 
29 0 0 
130 0 0 
75 0 0 
79 0 0 
72 0 0 
148 0 0 
63 0 0 
64 0 0 
53 0 0 
70 0 0 
150 0 4 
28 0 0 
62 0 0 
111 0 0 
143 1 2 
57 0 0 
77 0 0 
153 0 0 
148 0 0 
67 0 0 
163 0 3 
43 0 0 
71 0 0 
133 0 0 
28 0 0 
140 0 0 
38 0 0 
31 0 0 
59 0 0 
31 0 0 
229 0 6 
43 0 0 
40 0 0 
27 0 0 
55 0 0 
38 0 0 
38 0 0 
164 0 3 
78 0 0 
148 0 0 
36 0 0 
160 0 3 
164 0 0 
90 0 0 
36 0 0 
170 0 0 
26 0 0 
30 0 0 
96 0 0 
41 0 0 
50 0 0 
66 0 0 
43 0 0 
54 0 0 
39 0 0 
25 0 0 
111 0 0 
42 0 0 
209 0 0 
162 0 0 
71 0 0 
148 0 4 
125 0 2 
167 0 4 
30 0 0 
72 0 0 
127 0 0 
65 0 0 
37 0 0 
160 0 0 
45 0 0 
54 0 0 
45 0 0 
38 0 3 
159 0 0 
155 0 0 
169 0 5 
159 0 6 
26 0 0 
57 0 0 
66 0 0 
163 0 0 
38 0 0 
155 0 0 
30 0 0 
31 0 0 
56 0 0 
104 0 0 
168 0 0 
137 0 1 
43 0 0 
36 0 0 
162 0 0 
124 0 0 
46 0 0 
50 0 0 
48 0 0 
127 0 0 
28 0 0 
33 0 0 
38 0 0 
33 0 0 
51 0 0 
161 0 4 
51 0 0 
119 0 0 
41 0 0 
68 0 0 
87 0 0 
126 0 0 
28 0 0 
93 0 0 
71 0 0 
48 0 0 
37 0 0 
32 0 0 
41 0 0 
80 0 0 
154 0 0 
49 0 0 
88 0 0 
28 0 0 
123 0 0 
336 0 0 
84 0 0 
28 0 0 
156 0 4 
38 0 0 
69 0 0 
31 0 0 
28 0 0 
57 0 0 
32 0 0 
26 0 0 
27 0 0 
166 0 5 
195 0 1 
79 0 0 
27 0 0 
31 0 0 
41 0 0 
44 0 0 
97 0 0 
111 0 0 
163 0 4 
56 0 0 
75 0 0 
58 0 0 
55 0 2 
159 0 3 
102 0 0 
93 0 0 
54 0 0 
167 0 0 
139 0 0 
36 0 0 
45 0 0 
62 0 0 
54 0 0 
794 0 0 
38 0 0 
39 0 0 
104 0 0 
50 0 0 
187 0 0 
75 0 0 
34 0 0 
38 0 0 
79 0 0 
59 0 0 
122 0 2 
89 0 0 
160 0 3 
37 0 0 
101 0 0 
37 0 0 
137 0 0 
68 0 0 
27 0 0 
36 0 0 
132 0 0 
49 0 0 
66 0 0 
160 0 5 
158 0 5 
89 0 0 
36 0 0 
93 0 0 
67 0 0 
168 0 4 
32 0 0 
161 0 2 
45 0 0 
114 0 0 
57 0 0 
35 0 0 
31 0 0 
83 0 0 
26 0 0 
44 0 0 
148 0 3 
63 0 0 
58 0 0 
88 0 0 
19 0 0 
110 0 0 
34 0 0 
112 0 0 
96 0 0 
91 0 0 
20 0 0 
163 0 3 
55 0 0 
54 0 0 
67 0 0 
38 0 0 
164 0 0 
33 0 0 
45 0 0 
72 0 0 
95 0 0 
6 0 0 
70 0 0 
139 0 0 
34 0 0 
150 1 3 
147 0 4 
39 0 0 
39 0 0 
29 0 0 
27 0 0 
36 0 0 
80 0 0 
68 0 0 
137 0 0 
59 0 0 
165 0 3 
128 0 0 
167 0 6 
50 0 0 
124 0 0 
76 0 0 
61 0 2 
58 0 0 
53 0 0 
55 0 0 
33 0 0 
41 0 0 
71 0 0 
45 0 0 
96 0 0 
34 0 0 
72 0 0 
50 0 0 
91 0 0 
99 0 0 
27 0 0 
161 0 4 
38 0 0 
79 0 4 
63 0 0 
162 0 0 
77 0 0 
80 0 0 
69 0 0 
62 0 0 
138 0 5 
18 0 0 
31 0 0 
147 0 0 
57 0 0 
56 0 0 
35 0 0 
43 0 0 
109 0 3 
87 0 0 
38 0 0 
26 0 0 
93 0 0 
65 0 0 
154 0 0 
158 0 5 
127 0 0 
28 0 0 
36 0 0 
26 0 0 
53 0 0 
112 0 0 
123 0 0 
134 0 2 
38 0 0 
42 0 0 
30 0 0 
36 0 0 
156 0 1 
121 0 0 
49 0 0 
59 0 0 
42 0 0 
148 0 0 
84 0 0 
58 0 0 
66 0 0 
56 0 0 
85 0 0 
40 0 0 
435 0 0 
66 0 0 
379 0 0 
162 0 0 
125 0 3 
56 0 0 
142 0 0 
46 0 0 
67 0 0 
26 0 0 
42 0 0 
54 0 0 
87 0 0 
163 0 4 
88 0 0 
43 0 0 
80 0 0 
57 0 0 
98 0 1 
42 0 0 
42 0 0 
79 0 0 
66 0 0 
63 0 0 
27 0 0 
41 0 0 
49 0 0 
55 0 0 
28 0 0 
47 0 0 
127 0 0 
47 0 0 
40 0 0 
50 0 0 
160 0 2 
39 0 0 
63 0 0 
36 0 0 
54 0 0 
31 0 0 
44 0 0 
41 0 0 
88 0 0 
157 0 5 
129 0 1 
49 0 0 
36 0 0 
56 0 0 
43 0 0 
36 0 0 
56 0 0 
44 0 0 
100 0 0 
35 0 0 
164 0 7 
280 0 0 
55 0 0 
30 0 0 
40 0 0 
103 0 0 
167 0 5 
154 0 2 
48 0 0 
27 0 0 
166 0 7 
67 0 0 
64 0 0 
45 0 0 
137 0 0 
35 0 1 
31 0 0 
46 0 0 
44 0 0 
21 0 0 
85 0 0 
42 0 0 
52 0 0 
39 0 0 
143 0 0 
161 0 3 
367 0 0 
44 0 0 
51 0 0 
158 0 0 
166 0 5 
149 0 5 
35 0 0 
15 0 0 
48 0 0 
92 0 0 
164 0 2 
51 0 0 
68 0 1 
28 0 0 
99 0 0 
138 0 0 
27 0 0 
36 0 0 
179 0 0 
160 0 2 
42 0 0 
39 0 0 
151 0 0 
164 0 4 
55 0 0 
166 0 1 
111 0 0 
42 0 0 
64 0 0 
165 0 4 
41 0 0 
161 0 0 
189 0 0 
32 0 0 
175 0 7 
161 0 0 
83 0 0 
44 0 0 
117 0 0 
34 0 0 
46 0 0 
45 0 0 
117 0 0 
142 0 2 
386 0 0 
91 0 0 
53 0 0 
31 0 0 
32 0 0 
30 0 0 
53 0 0 
43 0 0 
42 0 0 
35 0 0 
166 0 0 
159 0 2 
166 0 1 
29 0 0 
158 0 1 
26 0 0 
38 0 0 
49 0 0 
74 0 0 
81 0 0 
36 0 0 
54 0 0 
34 0 0 
118 0 0 
592 0 0 
118 0 0 
152 0 5 
118 0 0 
54 0 0 
145 0 0 
162 0 0 
60 0 0 
33 0 0 
43 0 0 
36 0 0 
41 0 0 
163 0 6 
165 0 0 
33 0 0 
52 0 0 
63 0 0 
33 0 0 
28 0 0 
35 0 0 
41 0 0 
197 0 0 
49 0 0 
158 0 0 
7 0 0 
36 0 0 
135 0 0 
56 0 0 
146 0 0 
108 0 0 
47 0 0 
157 0 3 
77 0 1 
109 0 1 
58 0 0 
112 0 0 
81 0 0 
46 0 0 
134 0 0 
46 0 0 
26 0 0 
34 0 0 
42 0 0 
58 0 0 
58 0 0 
70 0 0 
69 0 0 
97 0 0 
136 0 0 
164 0 8 
116 0 0 
166 0 6 
26 0 0 
72 0 0 
123 0 0 
62 0 0 
64 0 0 
58 0 0 
49 0 0 
70 0 0 
71 0 0 
81 0 0 
161 0 5 
80 0 0 
81 0 0 
179 0 0 
162 0 2 
81 0 0 
106 0 0 
43 0 0 
36 0 0 
34 0 0 
112 0 0 
145 0 0 
134 0 0 
62 0 0 
32 0 0 
81 0 0 
167 0 0 
92 0 0 
131 0 0 
114 0 0 
55 0 0 
34 0 0 
29 0 0 
100 0 0 
68 0 0 
27 0 0 
74 0 0 
186 0 0 
165 0 3 
35 0 0 
162 0 2 
117 0 0 
114 0 0 
40 0 0 
32 0 0 
27 0 0 
159 0 0 
58 0 0 
43 0 0 
158 0 0 
40 0 0 
160 0 2 
68 0 0 
40 0 0 
165 0 3 
75 0 0 
55 0 0 
127 0 4 
21 0 0 
38 0 2 
26 0 0 
30 0 0 
148 0 0 
67 0 0 
26 0 0 
93 0 0 
46 0 0 
32 0 0 
139 0 0 
82 0 2 
37 0 0 
31 0 0 
56 0 0 
33 0 0 
37 0 0 
27 0 0 
89 0 0 
105 0 0 
114 0 0 
31 0 0 
164 0 2 
62 0 0 
48 0 0 
30 0 0 
95 0 0 
53 0 1 
129 0 0 
188 0 3 
29 0 0 
73 0 0 
165 0 3 
76 0 0 
52 0 0 
32 0 0 
70 0 0 
131 0 0 
66 0 0 
30 0 0 
152 0 5 
167 0 4 
82 0 0 
156 0 4 
163 0 3 
119 1 0 
27 0 0 
89 0 0 
38 0 0 
45 0 0 
138 0 0 
29 0 0 
34 0 0 
49 0 0 
9 0 0 
27 0 0 
97 0 0 
11 0 0 
28 0 0 
133 0 0 
172 0 7 
49 0 0 
69 0 0 
52 0 0 
22 0 0 
28 0 0 
37 0 0 
29 0 0 
55 0 0 
98 0 0 
73 1 0 
29 0 0 
112 0 0 
55 0 0 
69 0 0 
165 0 1 
145 0 0 
11 0 0 
45 0 1 
71 0 0 
34 0 0 
41 0 0 
51 0 0 
40 0 0 
125 0 2 
33 0 0 
87 0 1 
40 0 0 
285 0 0 
31 0 0 
56 0 0 
70 0 0 
154 0 2 
125 0 0 
60 0 0 
96 0 0 
167 0 1 
70 0 0 
47 0 0 
163 1 1 
131 0 0 
47 1 0 
450 0 0 
106 0 0 
92 0 0 
107 0 0 
163 0 3 
28 0 0 
99 0 0 
78 0 0 
114 0 2 
162 0 0 
486 0 0 
57 0 0 
123 0 0 
35 0 0 
26 0 0 
26 0 0 
166 0 3 
42 0 0 
26 0 0 
93 0 0 
70 0 0 
195 0 0 
31 0 0 
71 0 0 
108 0 0 
100 0 0 
42 0 0 
44 0 0 
29 0 0 
28 0 0 
30 0 0 
43 0 0 
157 0 0 
58 0 0 
77 0 0 
84 0 0 
25 0 0 
152 0 0 
448 0 0 
45 0 0 
103 0 0 
38 0 0 
31 0 0 
163 0 4 
120 0 0 
28 0 0 
79 0 0 
51 0 0 
85 0 0 
119 0 0 
157 0 2 
56 0 0 
87 0 0 
45 0 0 
26 0 0 
50 0 0 
61 0 0 
163 0 3 
49 0 0 
71 0 0 
157 0 0 
30 0 0 
104 0 0 
57 0 0 
633 0 0 
239 0 0 
30 0 0 
118 0 0 
127 0 4 
49 0 0 
82 0 2 
55 0 0 
86 0 0 
32 0 0 
89 0 0 
50 0 0 
187 0 0 
26 0 0 
113 0 0 
32 0 0 
29 0 0 
27 0 0 
78 0 0 
54 0 0 
32 0 0 
48 0 0 
92 0 0 
29 0 0 
33 0 0 
43 0 0 
50 0 0 
68 0 0 
19 0 0 
130 0 0 
109 0 0 
53 0 0 
34 0 0 
27 0 0 
88 0 0 
71 0 0 
18 0 0 
72 0 1 
41 0 0 
166 0 5 
30 0 0 
88 0 0 
33 0 0 
26 0 0 
205 0 0 
141 0 0 
121 0 0 
173 0 6 
37 0 0 
105 0 0 
49 0 0 
128 0 0 
88 0 0 
46 0 0 
82 0 0 
74 0 0 
125 0 0 
85 0 0 
46 0 0 
249 0 0 
70 0 0 
143 0 0 
155 0 4 
171 0 0 
55 0 0 
59 0 0 
35 0 0 
40 0 0 
32 0 0 
310 0 0 
206 0 0 
164 0 0 
40 0 0 
24 0 0 
10 0 0 
9 0 0 
154 0 1 
78 0 0 
23 0 0 
157 0 0 
163 0 4 
49 0 0 
58 0 0 
26 0 0 
26 0 0 
71 0 0 
46 0 0 
183 0 0 
26 0 0 
86 0 0 
26 0 0 
105 0 3 
167 0 0 
50 0 0 
162 0 0 
36 0 0 
75 0 0 
38 0 0 
108 0 0 
13 0 0 
99 0 1 
33 0 0 
159 0 0 
28 0 0 
45 0 0 
110 0 0 
36 0 0 
116 0 0 
51 0 0 
32 0 0 
34 0 0 
293 0 0 
84 0 0 
74 0 0 
106 1 3 
126 0 0 
63 0 0 
62 0 0 
25 0 0 
31 0 0 
39 0 0 
35 0 1 
161 0 2 
70 0 0 
75 0 0 
69 0 0 
99 0 0 
36 0 0 
27 0 0 
40 0 0 
59 0 0 
144 0 0 
148 0 0 
34 0 0 
32 0 0 
87 0 0 
44 0 0 
36 0 0 
65 0 0 
120 0 0 
165 0 3 
158 0 0 
40 0 0 
40 0 0 
41 0 0 
58 0 0 
50 0 0 
139 0 2 
69 0 0 
136 0 3 
41 0 0 
43 0 0 
48 0 0 
86 0 0 
27 0 0 
159 0 0 
158 1 2 
157 0 0 
48 0 0 
121 0 0 
59 0 0 
130 0 0 
142 0 2 
113 0 0 
69 0 0 
20 0 0 
54 0 0 
50 0 0 
8 0 0 
39 0 0 
101 0 2 
61 0 0 
138 0 0 
60 0 0 
66 0 0 
29 0 0 
42 0 0 
50 0 0 
161 0 4 
36 0 0 
53 0 0 
247 0 0 
46 0 0 
45 0 0 
55 0 0 
85 0 2 
178 0 4 
13 0 0 
140 0 0 
13 0 0 
29 0 0 
31 0 0 
112 0 3 
49 0 0 
119 0 0 
69 0 0 
143 0 0 
32 0 0 
159 0 8 
34 0 0 
57 0 0 
63 0 0 
48 0 0 
30 0 0 
89 0 0 
27 0 0 
31 0 0 
51 0 0 
152 0 5 
53 0 0 
130 0 0 
36 0 0 
26 0 0 
111 1 0 
50 0 0 
100 0 0 
161 0 0 
54 0 0 
67 0 0 
33 0 0 
91 0 0 
31 0 0 
37 0 0 
37 0 0 
31 0 0 
30 0 0 
9 0 0 
37 0 0 
38 0 0 
135 0 0 
170 0 5 
33 0 0 
34 0 0 
144 0 0 
38 0 0 
168 0 2 
135 0 1 
121 0 0 
49 0 0 
31 0 0 
157 0 0 
45 0 0 
140 0 0 
60 0 0 
68 0 0 
54 0 0 
141 0 0 
448 0 0 
31 0 0 
110 0 0 
70 0 0 
58 0 0 
163 0 4 
92 0 0 
8 0 0 
58 0 0 
60 0 0 
158 0 3 
31 0 1 
163 0 5 
99 0 0 
99 0 0 
56 0 0 
84 0 0 
67 0 0 
30 0 2 
77 0 0 
169 0 0 
173 0 0 
61 0 0 
60 0 0 
161 0 2 
117 0 0 
54 0 0 
165 0 1 
27 0 0 
28 0 0 
123 0 2 
183 0 0 
105 0 0 
58 0 0 
100 0 0 
63 0 0 
170 0 0 
18 0 0 
140 0 3 
50 0 0 
13 0 0 
50 0 0 
88 0 0 
75 0 0 
24 0 0 
48 0 0 
50 0 0 
39 0 0 
159 0 6 
171 0 5 
32 0 0 
57 0 0 
86 0 0 
30 0 0 
52 0 0 
33 0 0 
45 0 0 
103 0 0 
59 0 0 
26 0 0 
19 0 0 
163 0 4 
123 0 0 
158 0 0 
29 0 0 
33 0 0 
33 0 0 
32 0 0 
93 0 0 
60 0 0 
57 0 0 
41 0 0 
30 0 0 
133 0 0 
73 0 0 
25 0 0 
93 0 0 
41 0 0 
43 0 0 
106 0 0 
46 0 0 
67 0 0 
54 0 0 
167 0 0 
204 0 0 
45 0 0 
160 0 2 
42 0 0 
30 0 0 
146 0 0 
33 0 0 
20 0 0 
27 0 0 
129 0 0 
50 0 0 
35 0 0 
32 0 0 
122 0 0 
129 0 4 
33 0 0 
67 0 0 
110 0 0 
125 0 0 
48 0 0 
26 0 0 
26 0 0 
120 0 0 
82 0 0 
63 0 0 
47 0 0 
136 0 4 
122 0 0 
61 0 0 
49 0 0 
146 0 0 
36 0 0 
73 1 0 
83 0 0 
153 0 0 
67 0 0 
159 0 0 
33 0 0 
149 0 0 
38 0 0 
26 0 0 
36 0 0 
14 0 0 
163 0 2 
65 0 0 
61 0 0 
40 0 0 
56 0 0 
167 0 0 
137 0 0 
59 0 0 
61 0 0 
72 0 0 
165 0 4 
127 0 0 
115 0 0 
142 0 2 
41 0 0 
157 0 0 
78 0 0 
51 0 0 
163 0 3 
13 0 0 
153 0 0 
48 0 0 
165 0 5 
27 0 0 
30 0 0 
39 0 0 
116 0 5 
33 0 0 
135 0 0 
32 0 0 
27 0 0 
56 0 0 
57 0 0 
135 0 0 
15 0 0 
31 0 0 
92 0 0 
170 0 0 
46 0 0 
36 0 0 
162 0 2 
592 0 0 
156 0 4 
78 0 0 
43 0 0 
30 0 0 
61 0 0 
58 0 0 
98 0 0 
280 0 0 
86 0 0 
164 0 0 
155 0 0 
64 0 0 
55 0 0 
57 0 1 
142 0 0 
108 0 0 
79 0 0 
33 0 0 
146 0 0 
44 0 0 
170 0 0 
157 0 4 
134 0 0 
19 0 0 
35 0 0 
56 0 0 
238 0 0 
54 0 0 
107 0 0 
145 0 3 
29 0 0 
159 0 5 
53 0 0 
51 0 0 
31 0 0 
81 0 0 
32 0 0 
38 0 0 
26 0 0 
99 0 0 
26 0 0 
58 0 0 
71 0 0 
77 0 0 
60 0 0 
36 0 0 
29 0 0 
168 0 2 
70 0 0 
47 1 0 
125 0 0 
59 0 0 
144 0 6 
130 0 0 
31 0 0 
145 0 1 
115 0 0 
113 0 0 
10 0 0 
146 0 0 
142 0 4 
50 0 0 
36 0 0 
93 0 0 
68 0 0 
153 0 1 
81 0 0 
51 0 0 
46 0 0 
33 0 0 
41 0 0 
90 0 0 
51 0 0 
37 0 0 
27 0 0 
71 0 0 
36 0 0 
35 0 0 
29 0 0 
15 0 0 
133 0 0 
37 0 0 
34 0 0 
187 0 0 
160 0 0 
51 0 1 
36 0 0 
139 0 0 
105 0 0 
63 0 0 
47 0 0 
53 0 1 
99 0 0 
146 0 0 
42 0 0 
105 0 1 
331 0 0 
33 0 0 
40 0 0 
91 0 0 
39 0 0 
66 0 0 
36 0 0 
28 0 0 
125 0 3 
116 0 0 
61 0 0 
30 0 0 
114 0 0 
152 0 2 
151 0 0 
36 0 0 
155 0 0 
46 0 0 
34 0 0 
140 0 0 
98 0 0 
32 0 0 
168 0 0 
42 0 0 
50 0 0 
27 0 0 
320 0 0 
69 0 0 
28 0 0 
46 0 0 
49 0 0 
58 0 0 
30 0 0 
64 0 0 
164 0 2 
145 0 0 
155 0 0 
39 0 0 
36 0 0 
147 0 0 
64 0 0 
112 0 2 
100 0 0 
34 0 0 
152 0 3 
130 0 0 
127 0 4 
45 0 0 
34 0 0 
161 0 0 
75 0 0 
116 0 0 
47 0 0 
18 0 0 
53 0 0 
51 0 0 
139 1 2 
46 0 0 
30 0 0 
116 0 5 
27 0 0 
34 0 0 
112 0 0 
169 0 5 
115 0 3 
123 0 0 
41 0 0 
79 0 0 
157 1 3 
50 0 0 
55 0 0 
465 0 0 
131 0 0 
48 0 0 
38 0 0 
76 0 0 
34 0 0 
31 0 0 
52 0 0 
94 0 0 
54 0 0 
51 0 0 
26 0 0 
45 0 0 
41 0 0 
177 0 0 
99 0 0 
73 0 0 
31 0 0 
51 0 0 
97 0 0 
36 0 0 
52 0 0 
67 0 0 
77 0 0 
299 0 0 
43 0 0 
124 0 0 
47 0 2 
173 0 0 
105 0 0 
36 0 0 
154 0 0 
44 0 0 
89 0 0 
6 0 0 
135 0 0 
53 0 0 
36 0 0 
33 0 0 
158 0 4 
28 0 0 
78 0 0 
146 0 0 
246 0 0 
44 0 0 
70 0 0 
29 0 0 
152 0 1 
30 0 0 
31 0 0 
126 0 1 
27 0 0 
42 0 0 
38 0 0 
59 0 0 
50 0 0 
26 0 0 
46 0 0 
39 0 0 
57 0 0 
116 0 0 
43 0 0 
42 0 0 
133 0 0 
71 0 0 
151 0 0 
65 0 0 
42 0 0 
86 0 0 
19 0 0 
157 0 0 
46 0 0 
159 0 0 
54 0 0 
56 0 0 
145 0 0 
58 0 0 
53 0 0 
71 0 1 
143 0 0 
114 0 0 
41 0 0 
44 0 0 
29 0 0 
117 0 0 
32 0 0 
52 0 0 
62 0 0 
70 0 0 
30 0 0 
301 0 0 
152 0 0 
153 0 0 
158 0 0 
117 0 3 
82 0 0 
39 0 0 
35 0 0 
74 0 0 
37 0 0 
39 0 0 
27 0 0 
80 0 0 
28 0 0 
45 0 0 
52 0 0 
148 0 3 
63 0 0 
57 0 0 
144 0 5 
23 0 0 
55 0 0 
126 0 0 
57 0 0 
26 0 0 
161 0 2 
159 0 0 
29 0 0 
43 0 0 
123 0 0 
108 0 0 
49 0 0 
22 0 0 
23 0 0 
149 0 1 
34 0 0 
95 0 0 
160 0 0 
49 0 0 
46 0 0 
122 0 0 
117 0 0 
143 0 0 
42 0 0 
47 0 0 
33 0 0 
150 0 4 
65 0 0 
165 0 3 
9 0 0 
37 0 0 
45 0 0 
64 0 0 
48 0 0 
36 0 0 
91 0 0 
70 0 0 
157 0 5 
152 0 0 
60 0 0 
106 0 4 
152 0 0 
59 0 0 
39 0 0 
35 0 0 
42 0 0 
63 0 0 
119 0 0 
31 0 0 
164 0 3 
59 0 0 
34 0 0 
37 0 0 
96 0 1 
63 0 0 
164 0 0 
134 0 0 
116 0 1 
56 0 0 
69 0 0 
63 0 0 
27 0 0 
158 0 3 
45 0 0 
141 0 0 
153 0 5 
39 0 0 
73 0 0 
72 0 0 
72 0 0 
53 0 0 
100 0 0 
50 0 0 
51 0 0 
54 0 0 
32 0 0 
114 0 0 
101 0 0 
50 0 0 
94 0 0 
17 0 0 
45 0 0 
69 0 0 
138 0 0 
149 0 0 
135 0 0 
37 0 0 
18 0 0 
109 0 0 
46 0 0 
164 0 4 
44 0 0 
51 0 0 
84 0 0 
76 0 0 
162 0 2 
154 0 0 
37 0 0 
37 0 0 
36 0 0 
285 0 0 
48 0 0 
141 0 7 
147 0 6 
106 0 0 
38 0 0 
77 0 0 
153 0 0 
24 0 0 
26 0 0 
96 0 0 
90 0 0 
32 0 0 
44 0 0 
136 0 0 
51 0 0 
70 0 0 
67 0 0 
151 0 0 
51 0 0 
155 0 0 
41 0 0 
45 0 0 
36 0 0 
28 0 0 
33 0 0 
54 0 0 
39 0 0 
42 0 0 
45 0 0 
122 0 0 
61 0 0 
119 0 0 
162 0 3 
55 0 0 
86 0 0 
33 0 0 
27 0 0 
76 0 0 
178 0 6 
76 0 0 
37 0 0 
115 0 0 
38 0 0 
90 0 0 
55 0 1 
125 0 0 
65 0 0 
18 0 0 
124 0 0 
82 0 0 
54 0 0 
31 0 0 
448 0 0 
83 0 0 
88 0 0 
66 0 0 
37 0 0 
72 0 0 
111 0 0 
41 0 0 
136 0 0 
144 0 3 
110 0 2 
73 0 3 
87 0 0 
42 0 0 
118 0 0 
155 0 0 
84 0 0 
84 0 0 
162 0 4 
139 1 2 
162 0 0 
39 0 0 
45 0 0 
169 0 0 
46 0 0 
157 0 0 
324 0 0 
97 0 0 
152 0 0 
54 0 0 
76 0 0 
59 0 0 
162 0 0 
58 0 0 
117 0 0 
74 0 0 
151 0 2 
81 0 0 
76 0 0 
37 0 0 
36 0 0 
95 0 0 
26 0 0 
152 0 0 
149 0 0 
130 0 0 
32 0 0 
56 0 0 
40 0 1 
130 0 0 
51 0 0 
31 0 0 
45 0 0 
133 0 1 
145 0 3 
87 0 0 
45 0 0 
32 0 0 
38 0 0 
43 0 0 
58 0 0 
94 0 0 
39 0 0 
38 0 0 
95 0 0 
56 0 0 
49 0 0 
58 0 0 
81 0 0 
26 0 0 
26 0 0 
372 0 0 
32 0 0 
86 0 0 
59 0 0 
72 0 0 
33 0 0 
119 0 0 
71 0 0 
100 0 0 
83 0 0 
29 0 0 
108 0 0 
48 0 0 
22 0 0 
51 0 0 
26 0 0 
35 0 0 
43 0 0 
44 0 0 
73 0 0 
83 0 0 
121 0 0 
42 0 0 
69 0 0 
27 0 0 
7 0 0 
155 0 0 
62 0 0 
28 0 0 
35 0 0 
37 0 0 
155 0 7 
58 0 0 
64 0 0 
165 0 2 
13 0 0 
75 0 0 
32 0 0 
45 0 0 
33 0 0 
86 0 1 
38 0 0 
35 0 0 
15 0 0 
133 0 0 
15 0 0 
132 0 3 
32 0 0 
51 0 0 
63 0 0 
158 0 1 
35 0 0 
145 0 0 
48 0 0 
69 0 0 
26 0 0 
86 0 0 
162 0 0 
162 0 3 
124 0 0 
135 0 0 
44 0 0 
56 0 0 
38 0 0 
27 0 0 
33 0 0 
52 0 0 
42 0 0 
141 1 0 
162 0 3 
158 0 1 
69 0 1 
165 0 2 
163 0 1 
166 0 3 
35 0 0 
90 0 0 
38 0 0 
60 0 0 
197 0 0 
38 0 0 
128 0 0 
111 0 2 
156 0 0 
69 0 0 
107 0 0 
55 0 0 
33 0 0 
29 0 0 
82 0 0 
34 0 0 
144 0 2 
158 0 0 
139 0 0 
48 0 0 
93 0 0 
146 0 0 
53 0 0 
58 0 0 
23 0 0 
38 0 0 
111 0 0 
28 0 0 
278 0 0 
122 0 0 
162 0 0 
32 0 0 
131 0 0 
56 0 0 
158 0 1 
135 0 1 
159 0 2 
106 0 1 
77 0 0 
12 0 0 
61 0 0 
110 0 0 
162 0 4 
60 0 0 
53 0 0 
31 0 0 
180 0 0 
96 0 0 
35 0 0 
42 0 0 
160 0 0 
70 0 0 
184 0 0 
67 0 0 
63 0 0 
29 0 0 
28 0 0 
153 0 3 
153 0 0 
169 0 0 
67 0 0 
36 0 0 
33 0 0 
39 0 0 
26 0 0 
109 0 0 
7 0 0 
130 0 0 
35 0 0 
145 0 3 
166 0 2 
79 0 0 
125 0 0 
79 0 0 
99 0 0 
161 1 2 
118 0 0 
30 0 0 
52 0 0 
29 0 0 
42 0 0 
11 0 0 
129 0 0 
193 0 1 
129 0 0 
59 0 0 
42 0 0 
33 0 0 
50 0 0 
66 0 0 
36 0 0 
198 0 0 
291 0 0 
41 0 0 
46 0 0 
74 0 0 
81 0 0 
119 0 0 
19 0 0 
53 0 0 
57 0 0 
165 0 0 
37 0 0 
155 0 5 
162 0 1 
91 0 0 
40 0 0 
138 0 0 
26 0 0 
30 0 0 
28 0 0 
101 0 0 
157 0 0 
143 0 0 
49 0 0 
73 0 0 
44 0 0 
34 0 1 
44 0 0 
88 0 0 
29 0 0 
144 0 0 
157 0 5 
127 0 0 
89 0 0 
73 0 0 
27 0 0 
29 0 0 
28 0 0 
34 0 0 
167 0 5 
32 0 0 
47 0 0 
43 0 0 
162 0 5 
87 0 0 
73 0 4 
77 0 0 
138 0 5 
51 0 0 
326 0 0 
63 0 0 
139 0 2 
46 0 0 
35 0 0 
150 0 4 
34 0 0 
40 0 0 
154 0 1 
33 0 0 
63 0 0 
158 0 0 
51 0 0 
91 0 0 
130 0 0 
132 0 0 
16 0 0 
57 0 0 
45 0 0 
148 0 4 
180 0 0 
160 0 2 
103 0 0 
76 0 0 
127 0 0 
73 0 0 
43 0 0 
21 0 0 
26 0 0 
162 0 3 
52 0 0 
42 0 0 
120 0 3 
34 0 0 
42 0 0 
29 0 0 
32 0 0 
50 0 0 
76 0 0 
45 0 0 
35 0 0 
63 0 0 
32 0 0 
34 0 0 
135 0 0 
59 0 0 
36 0 0 
142 0 0 
129 0 0 
17 0 0 
85 0 0 
159 0 0 
78 0 0 
38 0 0 
171 0 4 
88 0 0 
194 0 0 
46 0 0 
41 0 0 
42 0 0 
91 0 0 
47 0 0 
77 0 0 
69 0 0 
40 0 0 
162 0 3 
42 0 0 
31 0 0 
25 0 0 
77 0 0 
195 0 0 
106 0 0 
38 0 0 
157 0 1 
35 0 0 
158 0 0 
160 0 3 
102 0 0 
111 0 0 
31 0 0 
161 0 2 
63 0 0 
61 0 0 
140 0 0 
60 0 0 
81 0 0 
48 0 0 
50 0 0 
57 0 0 
36 0 0 
35 0 0 
59 0 0 
44 0 0 
55 0 0 
43 0 0 
47 0 0 
39 0 0 
137 0 0 
162 0 0 
52 0 0 
41 0 0 
173 0 0 
139 0 0 
37 0 0 
56 0 0 
33 0 0 
33 0 0 
107 0 2 
59 0 0 
155 0 4 
28 0 0 
58 0 0 
47 0 0 
184 0 6 
27 0 0 
55 0 0 
44 0 0 
159 0 0 
87 0 0 
30 0 0 
42 0 0 
86 0 0 
42 0 0 
30 0 0 
29 0 0 
28 0 0 
62 0 0 
50 0 0 
94 0 0 
132 0 0 
74 0 0 
34 0 0 
164 0 4 
48 0 0 
73 0 0 
46 0 0 
25 0 0 
162 0 0 
131 0 0 
43 0 0 
51 0 0 
69 0 0 
40 0 0 
119 0 1 
40 0 0 
41 0 0 
35 0 0 
22 0 0 
90 0 0 
163 0 0 
96 0 0 
43 0 0 
32 0 0 
70 0 0 
202 0 3 
39 0 0 
41 0 0 
42 0 0 
38 0 0 
161 0 4 
38 0 0 
34 0 0 
49 0 0 
141 0 0 
28 0 0 
55 0 0 
297 0 0 
32 0 0 
41 0 0 
37 0 0 
37 0 0 
53 0 0 
267 0 0 
54 0 0 
30 0 0 
43 0 0 
18 0 2 
62 0 0 
66 0 0 
74 0 0 
54 0 0 
42 0 0 
66 0 0 
156 0 0 
152 0 1 
162 0 0 
49 0 0 
26 0 0 
30 0 0 
106 0 1 
49 0 0 
52 0 0 
114 0 2 
52 0 0 
166 0 0 
34 0 0 
114 0 0 
163 0 5 
38 0 0 
69 0 0 
142 0 2 
27 0 0 
39 0 0 
26 0 0 
100 0 0 
79 0 0 
85 0 0 
41 0 0 
75 0 0 
25 0 0 
130 0 0 
29 0 0 
164 0 5 
305 0 0 
91 0 3 
27 0 0 
202 0 0 
36 0 0 
34 0 0 
43 0 0 
102 0 0 
18 0 0 
31 0 0 
160 0 0 
73 0 0 
161 0 0 
161 0 3 
58 0 0 
43 0 0 
80 0 0 
49 0 0 
148 0 0 
184 0 0 
169 0 0 
65 0 0 
163 0 2 
43 0 0 
45 0 0 
78 0 0 
208 0 0 
92 0 0 
164 0 4 
78 0 0 
41 0 0 
43 0 0 
39 0 0 
47 0 0 
46 0 2 
41 0 0 
34 0 0 
86 0 0 
36 0 0 
32 0 0 
125 0 4 
59 0 0 
71 0 0 
248 0 0 
28 0 0 
163 0 0 
163 0 0 
74 0 0 
61 0 0 
167 0 2 
143 0 0 
44 0 0 
90 0 0 
120 0 0 
7 0 0 
57 0 0 
46 0 0 
58 0 0 
37 0 1 
34 0 0 
74 0 0 
98 0 1 
66 0 0 
76 0 0 
146 0 0 
89 0 0 
70 0 0 
36 0 0 
59 0 0 
167 0 1 
62 0 0 
20 0 0 
75 0 0 
42 0 0 
48 0 0 
81 0 0 
152 0 0 
157 0 4 
36 0 0 
89 0 0 
26 0 0 
144 0 0 
42 0 0 
114 0 4 
36 0 0 
112 0 0 
202 0 0 
108 0 0 
48 0 0 
46 0 0 
65 0 0 
47 0 0 
50 0 0 
80 0 0 
65 0 0 
78 0 0 
50 0 0 
65 0 0 
26 0 0 
54 0 0 
48 0 0 
261 0 0 
163 0 0 
62 0 0 
80 0 0 
99 0 0 
101 0 1 
33 0 0 
67 0 0 
57 0 0 
38 0 0 
37 0 0 
156 0 2 
69 0 0 
156 0 3 
34 0 0 
158 0 5 
23 0 0 
126 1 2 
40 0 0 
44 0 0 
67 0 0 
8 0 0 
54 0 0 
32 0 0 
61 0 0 
133 0 6 
150 0 2 
36 0 0 
42 0 0 
90 0 0 
41 0 0 
120 0 0 
81 0 0 
91 0 3 
21 0 0 
160 0 0 
42 0 1 
17 0 0 
92 0 0 
68 0 0 
209 0 0 
163 0 0 
116 0 0 
82 0 0 
125 0 0 
29 0 0 
50 0 0 
32 0 0 
130 0 0 
50 0 0 
27 0 0 
88 0 0 
76 0 0 
34 0 0 
26 0 0 
52 0 0 
28 0 0 
50 0 0 
90 0 0 
162 0 0 
35 0 0 
29 0 0 
105 0 0 
39 0 0 
110 0 0 
52 0 1 
64 0 0 
101 0 0 
40 0 0 
75 0 0 
87 0 0 
157 0 0 
42 0 0 
86 0 0 
119 0 3 
98 0 0 
56 0 0 
88 0 0 
37 0 0 
46 0 0 
28 0 0 
58 0 0 
27 0 0 
142 0 4 
49 0 0 
41 0 0 
32 0 0 
48 0 0 
140 0 1 
77 0 0 
206 0 0 
144 0 0 
151 0 5 
17 0 0 
33 0 0 
57 0 0 
136 0 0 
39 0 0 
165 0 1 
100 0 0 
77 0 0 
23 0 0 
59 0 0 
64 0 0 
87 0 0 
115 0 0 
44 0 0 
145 0 0 
68 0 0 
108 0 0 
137 0 0 
142 0 2 
30 0 0 
57 0 0 
74 0 0 
71 0 0 
26 0 0 
67 0 0 
100 0 4 
148 0 2 
37 0 0 
164 0 3 
78 0 0 
64 0 0 
148 0 0 
224 0 0 
59 0 2 
131 0 0 
31 0 0 
166 0 0 
116 0 0 
166 0 2 
154 0 6 
34 0 0 
7 0 0 
65 0 0 
78 0 0 
43 0 0 
107 0 0 
50 0 0 
164 0 5 
38 0 0 
41 0 0 
93 0 0 
35 0 0 
26 0 0 
40 0 0 
27 0 0 
49 0 0 
46 0 0 
44 0 0 
32 0 0 
88 0 0 
56 0 0 
82 0 0 
58 0 0 
164 0 2 
27 0 0 
97 0 0 
28 0 0 
55 0 0 
26 0 0 
154 0 6 
27 0 0 
69 0 0 
25 0 0 
33 0 0 
52 0 1 
161 0 2 
70 0 0 
36 0 0 
38 0 0 
157 0 0 
27 0 0 
36 0 0 
73 0 0 
184 0 0 
259 0 0 
35 0 0 
63 0 0 
161 0 4 
164 0 3 
142 0 0 
71 0 0 
41 0 0 
126 0 0 
33 0 0 
101 0 0 
154 0 2 
146 0 1 
80 0 0 
88 0 0 
60 0 0 
111 0 0 
40 0 0 
88 0 0 
132 0 0 
119 0 2 
100 0 0 
39 0 0 
50 0 0 
280 0 0 
29 0 0 
50 0 0 
157 0 0 
78 0 0 
159 0 0 
31 0 0 
153 0 7 
67 0 0 
151 0 0 
140 0 2 
158 0 0 
74 0 0 
163 0 0 
28 0 0 
89 0 0 
53 0 1 
30 0 0 
52 0 0 
39 0 0 
28 0 0 
172 1 2 
53 0 0 
137 0 0 
52 0 0 
84 0 0 
43 0 0 
127 0 4 
33 0 0 
36 0 0 
79 0 0 
146 0 5 
29 0 0 
64 0 0 
158 0 0 
234 0 0 
31 0 0 
98 0 0 
91 0 1 
120 0 0 
130 0 0 
32 0 0 
164 0 0 
64 0 0 
157 0 0 
59 0 0 
162 0 3 
26 0 0 
46 0 0 
40 0 0 
38 0 0 
159 0 0 
151 0 0 
157 0 1 
59 0 0 
58 0 0 
38 0 0 
26 0 0 
115 0 0 
163 0 0 
93 0 1 
157 0 0 
71 0 0 
151 0 1 
52 0 0 
61 0 0 
165 0 0 
143 0 0 
165 0 3 
162 0 0 
94 0 0 
33 0 0 
26 0 0 
166 0 6 
42 0 0 
149 0 2 
96 0 0 
88 0 0 
78 0 0 
44 0 0 
67 0 0 
159 0 1 
138 0 0 
39 0 0 
39 0 0 
117 0 0 
58 0 0 
31 0 0 
162 0 6 
115 0 0 
161 0 0 
128 0 0 
26 0 0 
81 0 0 
41 0 0 
75 0 0 
78 0 0 
32 0 0 
38 0 0 
39 0 0 
71 0 0 
45 0 0 
149 0 7 
37 0 0 
87 0 0 
42 0 0 
65 0 0 
36 0 0 
66 0 0 
83 0 0 
26 0 0 
162 0 0 
41 0 0 
27 0 0 
47 0 0 
154 0 1 
112 0 0 
163 0 5 
160 0 0 
153 0 1 
27 0 0 
85 0 0 
158 0 0 
89 0 0 
58 0 0 
162 0 1 
26 0 0 
38 0 0 
73 0 0 
78 0 0 
106 0 0 
26 0 0 
77 0 0 
36 0 0 
81 0 1 
30 0 0 
33 0 0 
56 0 0 
64 0 0 
48 0 0 
81 0 0 
267 0 0 
69 0 0 
35 0 0 
77 0 0 
133 0 0 
135 0 0 
35 0 0 
28 0 0 
75 0 0 
27 0 0 
83 0 1 
28 0 0 
101 0 0 
75 0 0 
162 0 1 
165 0 4 
42 0 0 
48 0 0 
92 0 0 
159 0 0 
40 0 0 
140 0 1 
11 0 0 
75 0 0 
31 0 1 
53 0 0 
110 0 1 
79 0 0 
50 0 0 
27 0 0 
187 0 0 
122 0 0 
96 0 0 
42 0 0 
162 0 0 
91 0 0 
157 0 0 
33 0 0 
158 0 0 
49 0 0 
28 0 0 
73 0 0 
145 0 0 
118 0 0 
136 0 0 
89 0 0 
79 0 1 
36 0 0 
41 0 0 
126 0 0 
141 0 4 
23 0 0 
110 0 0 
71 0 0 
55 0 0 
44 0 0 
44 0 0 
32 0 0 
168 0 1 
163 0 4 
156 0 0 
21 0 0 
142 0 0 
64 0 0 
32 0 0 
146 0 0 
143 0 0 
84 0 0 
38 0 0 
294 0 0 
29 0 0 
9 0 0 
67 0 0 
79 0 3 
160 0 3 
86 0 1 
143 0 0 
167 0 6 
157 0 0 
108 0 0 
86 0 0 
78 0 0 
19 0 0 
81 0 0 
41 0 0 
133 0 0 
58 0 0 
67 0 0 
70 0 0 
139 0 2 
333 0 0 
44 0 0 
90 0 0 
86 0 0 
28 0 0 
115 0 0 
160 0 0 
40 0 0 
39 0 0 
116 0 0 
76 0 0 
65 0 0 
31 0 0 
34 0 0 
50 0 0 
36 0 0 
47 0 0 
166 0 3 
158 0 0 
59 0 0 
31 0 0 
39 0 0 
43 0 0 
74 0 0 
119 0 0 
72 0 0 
33 0 0 
31 0 0 
38 0 0 
70 0 0 
25 0 0 
143 0 0 
154 0 0 
53 0 0 
23 0 0 
44 0 0 
150 0 1 
117 0 0 
48 0 0 
55 0 0 
160 0 0 
37 0 0 
161 0 0 
168 0 1 
36 0 0 
50 0 0 
146 0 0 
131 0 4 
40 0 0 
121 0 0 
94 0 0 
56 0 0 
184 0 0 
43 0 0 
91 0 0 
51 0 0 
74 0 0 
125 0 0 
18 0 0 
140 0 2 
146 0 0 
138 0 2 
27 0 0 
68 0 0 
151 0 2 
149 0 3 
29 0 0 
49 0 0 
40 0 0 
105 0 0 
42 0 0 
146 0 0 
55 0 0 
167 0 0 
161 0 3 
150 0 0 
31 0 0 
45 0 0 
29 0 0 
155 0 0 
89 0 0 
34 0 0 
77 0 0 
64 0 0 
78 0 0 
65 0 0 
26 0 0 
412 0 0 
60 0 0 
35 0 0 
49 0 0 
142 0 0 
26 0 0 
42 0 0 
57 0 0 
137 0 1 
97 0 0 
287 0 0 
86 0 0 
40 0 0 
64 0 0 
40 0 0 
158 0 0 
107 0 0 
69 0 0 
153 0 0 
204 0 0 
30 0 0 
128 0 0 
35 0 0 
69 0 0 
43 0 0 
87 0 0 
46 0 0 
39 0 0 
27 0 0 
45 0 0 
76 0 0 
70 0 0 
47 0 0 
50 0 0 
120 0 0 
60 0 0 
59 0 0 
142 0 2 
170 0 0 
33 0 0 
100 0 0 
40 0 0 
53 0 0 
65 0 0 
43 0 0 
145 0 0 
34 0 0 
34 0 0 
35 0 0 
77 0 0 
29 0 0 
166 0 6 
33 0 0 
383 0 0 
73 0 0 
30 0 0 
40 0 0 
328 1 0 
120 0 0 
54 0 0 
93 0 0 
154 0 2 
241 0 0 
240 0 0 
99 0 0 
89 0 0 
48 0 0 
101 0 0 
27 0 0 
149 0 0 
30 0 0 
164 0 0 
101 0 0 
43 0 0 
52 0 0 
28 0 0 
70 0 3 
37 0 0 
80 0 1 
53 0 0 
19 0 0 
26 0 0 
55 0 0 
32 0 0 
73 0 0 
163 0 0 
48 0 0 
28 0 0 
24 0 0 
130 0 0 
45 0 0 
44 0 0 
166 0 0 
175 0 0 
32 0 0 
66 0 0 
75 0 0 
113 0 0 
139 0 0 
6 0 0 
130 0 4 
163 0 2 
21 0 0 
25 0 0 
29 0 0 
27 0 0 
78 0 0 
78 0 0 
30 0 0 
153 0 0 
28 0 0 
34 0 0 
66 0 0 
136 0 0 
47 0 0 
56 0 1 
46 0 0 
62 0 0 
166 0 3 
129 0 0 
98 0 0 
108 0 2 
98 0 0 
43 0 0 
30 0 0 
64 0 0 
26 0 0 
162 0 0 
168 0 3 
62 0 0 
124 0 0 
51 0 0 
114 0 0 
209 0 0 
77 0 0 
165 0 1 
35 0 0 
33 0 0 
156 0 0 
46 0 0 
52 0 0 
141 0 0 
109 0 0 
159 0 0 
148 0 3 
49 0 0 
39 0 0 
82 0 0 
163 0 0 
130 0 1 
53 0 0 
77 0 0 
168 0 0 
54 0 0 
143 0 0 
124 0 0 
58 0 0 
155 0 0 
27 0 0 
56 0 0 
94 0 0 
27 0 0 
28 0 0 
160 0 0 
29 0 0 
77 0 0 
38 0 0 
162 0 0 
212 0 0 
60 0 0 
116 0 0 
39 0 0 
161 0 4 
126 0 0 
34 0 0 
151 0 6 
28 0 0 
50 0 0 
120 0 3 
164 0 1 
157 0 6 
38 0 0 
146 0 0 
79 0 0 
99 0 0 
132 0 4 
81 0 0 
163 0 2 
164 0 5 
83 0 0 
233 0 0 
48 0 0 
121 0 0 
161 0 3 
74 0 0 
57 0 0 
110 0 0 
34 0 0 
90 0 0 
42 0 0 
71 0 0 
43 0 0 
101 0 0 
149 0 2 
159 0 0 
77 0 0 
39 0 0 
76 0 0 
138 0 0 
110 0 0 
39 0 0 
26 0 0 
35 0 0 
23 0 0 
58 0 0 
33 0 0 
105 0 0 
113 0 1 
26 0 0 
93 0 0 
79 0 0 
38 0 0 
31 0 0 
38 0 0 
41 0 0 
174 0 0 
56 0 0 
28 0 0 
58 0 0 
144 0 6 
171 0 4 
60 0 0 
45 0 0 
93 0 0 
38 0 0 
47 0 0 
47 0 0 
47 0 0 
30 0 0 
59 0 0 
70 0 0 
59 0 0 
53 0 0 
11 0 0 
148 0 1 
31 0 0 
32 0 0 
37 0 0 
160 0 1 
161 0 0 
42 0 0 
163 0 0 
139 0 0 
163 0 3 
26 0 0 
52 0 0 
36 0 0 
84 0 0 
30 0 0 
141 0 6 
110 0 0 
55 0 0 
60 0 0 
17 0 0 
37 0 0 
34 0 0 
35 0 0 
39 0 0 
28 0 0 
30 0 0 
53 0 0 
163 0 0 
63 0 0 
68 0 0 
157 0 1 
113 0 0 
29 0 0 
165 0 1 
28 0 0 
40 0 3 
59 0 0 
40 0 0 
70 0 0 
29 0 0 
41 0 0 
48 0 0 
164 0 0 
67 0 0 
37 0 0 
21 0 0 
44 0 0 
47 0 0 
14 0 0 
55 0 0 
158 0 0 
117 0 0 
151 0 0 
160 0 9 
54 0 0 
68 0 0 
30 0 0 
13 0 0 
137 0 1 
26 0 0 
14 0 0 
128 0 0 
36 0 0 
28 0 0 
99 0 0 
39 0 0 
63 0 0 
77 0 0 
92 0 0 
81 0 0 
68 0 0 
80 0 0 
59 0 0 
30 0 0 
116 0 0 
81 0 0 
57 0 0 
106 0 0 
83 0 0 
46 0 0 
63 0 0 
36 0 0 
158 0 0 
74 0 0 
74 0 0 
148 0 1 
128 0 0 
25 0 0 
81 0 0 
29 0 0 
40 0 0 
79 0 0 
159 0 0 
40 0 0 
52 0 0 
179 0 0 
241 0 0 
27 0 0 
105 0 0 
66 0 0 
41 0 0 
56 0 0 
24 0 0 
111 0 2 
46 0 0 
83 0 0 
137 0 0 
95 0 0 
103 0 0 
165 0 0 
66 0 0 
160 0 0 
38 0 0 
44 0 0 
161 0 0 
137 0 0 
149 0 5 
144 0 1 
60 0 0 
97 0 3 
35 0 0 
30 0 0 
87 0 0 
80 0 0 
26 0 0 
94 0 2 
46 0 0 
124 0 0 
66 0 0 
28 0 0 
162 0 0 
50 0 0 
65 0 0 
160 0 0 
57 0 0 
77 0 0 
91 0 0 
78 0 0 
62 0 0 
84 0 0 
36 0 0 
151 0 0 
55 0 0 
152 0 6 
49 0 0 
33 0 0 
161 0 0 
60 0 0 
72 0 0 
26 0 0 
26 0 0 
88 0 0 
47 0 0 
66 0 0 
141 0 1 
163 0 3 
50 0 0 
51 0 0 
155 0 0 
244 0 0 
49 0 0 
34 0 0 
118 0 0 
36 0 0 
47 0 0 
158 0 7 
114 0 0 
205 0 0 
155 0 0 
90 0 0 
50 0 0 
45 0 0 
88 0 0 
33 0 0 
102 0 0 
90 0 0 
19 0 0 
41 0 0 
74 1 0 
46 0 0 
157 0 3 
11 0 0 
115 0 0 
46 0 0 
33 0 0 
72 0 0 
66 0 0 
73 0 0 
143 0 0 
42 0 0 
50 0 0 
158 0 5 
33 0 0 
125 0 0 
37 0 0 
46 0 0 
93 0 0 
78 0 0 
140 0 6 
75 0 0 
49 0 0 
41 0 0 
141 0 2 
37 0 0 
58 0 0 
73 0 0 
47 0 0 
85 0 0 
57 0 0 
80 0 0 
26 0 0 
31 0 0 
113 0 0 
16 0 0 
48 0 0 
62 0 0 
9 0 0 
125 0 0 
158 0 0 
26 0 0 
164 0 2 
100 0 4 
62 0 0 
44 0 0 
301 0 0 
43 0 0 
96 0 0 
162 0 0 
86 0 0 
39 0 0 
70 0 1 
31 0 0 
36 0 0 
89 0 0 
142 0 3 
130 0 0 
152 0 3 
79 0 0 
96 0 0 
31 0 0 
39 0 1 
149 0 0 
117 0 0 
35 0 0 
26 0 0 
155 0 4 
170 0 0 
280 0 0 
175 0 0 
80 0 0 
162 0 0 
26 0 0 
28 0 0 
137 0 2 
48 0 0 
55 0 0 
48 0 0 
51 0 0 
151 0 5 
48 0 0 
139 0 5 
38 0 0 
419 0 0 
186 3 2 
36 0 0 
26 0 0 
44 0 0 
28 0 0 
164 0 0 
84 0 0 
31 0 0 
160 0 1 
241 0 0 
138 0 0 
37 0 0 
158 0 3 
84 0 0 
49 0 0 
52 0 0 
152 0 0 
160 0 0 
42 0 0 
53 0 0 
42 0 0 
52 0 0 
26 0 0 
102 0 0 
164 0 2 
129 0 0 
153 0 0 
41 0 0 
26 0 0 
37 0 0 
87 0 0 
28 0 0 
42 0 0 
133 0 0 
89 0 0 
50 0 0 
91 0 0 
110 0 0 
99 0 0 
90 0 0 
111 0 0 
44 0 0 
125 0 3 
142 0 0 
37 0 0 
150 0 0 
140 0 1 
145 0 1 
104 0 0 
68 0 0 
77 0 0 
150 0 0 
43 0 0 
36 0 0 
69 0 0 
45 0 0 
156 0 0 
13 0 0 
38 0 0 
158 0 0 
70 0 0 
165 0 4 
142 0 3 
137 0 0 
129 0 0 
136 0 0 
48 0 0 
46 0 0 
146 0 0 
66 0 0 
58 0 0 
58 0 0 
58 0 0 
94 0 0 
115 0 0 
26 0 0 
26 0 0 
61 0 0 
28 0 0 
143 0 3 
42 0 0 
36 0 0 
74 0 0 
29 0 0 
100 0 0 
182 0 4 
101 0 2 
31 0 0 
156 0 0 
46 0 0 
65 0 0 
55 0 0 
32 0 0 
26 0 0 
30 0 0 
82 0 0 
55 0 0 
46 0 0 
174 0 6 
251 0 0 
85 0 0 
19 0 0 
32 0 0 
32 0 0 
82 0 0 
64 0 0 
161 0 5 
63 0 0 
63 0 0 
150 0 0 
77 0 0 
51 0 0 
159 0 5 
156 0 0 
35 0 0 
70 0 0 
23 0 0 
61 0 0 
104 0 0 
26 0 0 
48 0 0 
151 0 5 
138 0 6 
71 0 0 
131 0 3 
88 0 0 
52 0 0 
47 0 0 
73 0 0 
31 0 0 
76 0 0 
154 0 1 
32 0 0 
137 0 0 
102 0 0 
140 0 3 
74 0 0 
114 0 3 
45 0 0 
115 0 0 
101 0 0 
93 0 0 
35 0 0 
93 0 0 
159 0 0 
47 0 0 
50 0 0 
115 0 0 
31 0 0 
164 0 1 
179 0 0 
46 0 0 
142 0 1 
54 0 0 
150 0 4 
34 0 0 
53 0 0 
95 0 0 
40 0 0 
34 0 0 
67 0 0 
123 0 0 
137 0 4 
30 0 0 
86 0 0 
165 0 2 
27 0 0 
142 0 5 
57 0 0 
70 0 0 
137 0 2 
66 0 0 
78 0 0 
163 0 4 
97 0 0 
153 0 0 
47 0 0 
156 0 0 
260 0 0 
55 0 0 
25 0 0 
55 0 0 
89 0 0 
98 0 0 
26 0 0 
35 0 0 
28 0 0 
50 0 0 
69 0 0 
36 0 0 
124 0 0 
40 0 0 
75 0 0 
74 0 0 
154 0 0 
170 0 0 
36 0 0 
45 0 0 
158 1 0 
102 0 0 
450 0 0 
154 0 0 
51 0 0 
61 0 0 
158 0 0 
37 0 0 
52 0 0 
31 0 0 
164 0 2 
95 0 0 
43 0 0 
161 0 0 
57 0 0 
92 0 0 
32 0 0 
47 0 0 
49 0 1 
36 0 0 
75 0 0 
34 0 0 
158 0 0 
111 0 0 
105 0 0 
35 0 0 
53 0 0 
285 0 0 
41 0 0 
74 0 0 
118 0 0 
120 0 0 
51 0 0 
31 0 0 
91 0 0 
169 0 6 
92 0 0 
232 0 0 
106 0 0 
167 0 5 
137 0 0 
92 0 0 
40 0 0 
81 0 0 
108 0 0 
161 0 2 
91 0 0 
32 0 0 
134 0 0 
83 0 0 
188 0 0 
57 0 0 
35 0 0 
89 0 0 
81 0 0 
27 0 0 
80 0 0 
32 0 0 
34 0 0 
79 0 0 
40 0 0 
27 0 0 
165 0 3 
37 0 0 
103 0 0 
28 0 0 
71 0 0 
28 0 0 
89 0 0 
32 0 0 
50 0 0 
8 0 0 
59 0 0 
97 0 0 
74 0 0 
90 0 0 
124 0 2 
105 0 0 
161 0 0 
53 0 0 
29 0 0 
39 0 0 
52 0 0 
47 0 0 
31 0 0 
22 0 0 
8 0 0 
147 0 3 
161 0 1 
26 0 0 
73 0 0 
41 0 0 
43 0 0 
138 0 0 
155 0 2 
89 0 0 
120 0 0 
46 0 0 
156 0 4 
169 0 6 
44 0 0 
27 0 0 
65 0 0 
165 0 2 
47 0 0 
113 0 0 
34 0 0 
333 0 0 
95 0 0 
35 0 0 
33 0 0 
26 0 0 
141 0 4 
44 0 0 
33 0 0 
42 0 0 
45 0 0 
55 0 0 
39 0 0 
93 0 0 
55 0 0 
44 0 0 
114 0 1 
145 0 0 
49 0 0 
75 0 0 
151 0 6 
39 0 0 
33 0 0 
147 0 0 
164 0 2 
52 0 0 
25 0 0 
102 0 0 
140 0 0 
160 0 3 
36 0 0 
47 0 0 
52 0 0 
29 0 0 
23 0 0 
137 0 0 
70 0 0 
62 0 0 
123 0 0 
57 0 0 
42 0 0 
49 0 0 
132 0 5 
103 0 0 
81 0 0 
59 0 0 
27 0 0 
25 0 0 
37 0 0 
50 0 0 
27 0 0 
86 0 0 
131 0 0 
78 0 0 
27 0 0 
69 0 0 
328 1 0 
30 0 0 
156 0 0 
49 0 0 
86 0 0 
150 0 3 
55 0 0 
49 0 0 
156 0 0 
46 0 0 
105 0 0 
33 0 0 
67 0 0 
172 0 0 
149 0 5 
113 0 0 
39 0 0 
42 0 0 
53 0 0 
35 0 0 
28 0 0 
161 0 4 
44 0 0 
117 0 0 
123 0 0 
54 0 0 
27 0 0 
51 0 0 
160 0 6 
42 0 0 
162 0 5 
55 0 0 
36 0 0 
129 0 0 
40 0 0 
59 0 0 
27 0 0 
39 0 0 
91 0 0 
75 0 0 
98 0 0 
101 0 0 
55 0 0 
27 0 0 
166 0 0 
86 0 1 
36 0 0 
150 0 0 
125 0 0 
44 0 0 
162 0 3 
31 0 0 
32 0 0 
101 0 0 
163 0 0 
32 0 0 
40 0 0 
68 0 0 
34 0 0 
30 0 0 
193 0 0 
164 0 0 
30 0 0 
33 0 0 
28 0 0 
33 0 0 
51 0 0 
76 0 0 
41 0 0 
129 0 0 
56 0 0 
196 0 0 
130 0 0 
43 0 0 
29 0 0 
39 0 0 
37 0 0 
42 0 0 
161 1 3 
81 0 0 
42 0 0 
21 0 0 
134 0 0 
137 0 0 
44 0 0 
15 0 0 
49 0 0 
71 0 0 
44 0 0 
88 0 0 
104 0 0 
149 0 0 
34 0 0 
6 0 0 
129 0 0 
137 0 0 
60 0 0 
46 0 0 
74 0 0 
54 0 1 
117 0 3 
111 0 2 
162 0 2 
139 0 0 
161 0 3 
50 0 0 
144 0 0 
42 0 0 
50 0 0 
48 0 0 
216 0 0 
55 0 0 
120 0 0 
95 0 1 
165 0 3 
84 0 0 
52 0 0 
47 0 2 
68 0 0 
92 0 0 
165 0 0 
151 0 0 
28 0 0 
105 0 0 
44 0 0 
40 0 0 
30 0 0 
27 0 0 
63 0 0 
108 0 0 
45 0 0 
54 0 0 
44 0 0 
33 0 0 
53 0 0 
49 0 0 
167 0 0 
90 0 0 
133 0 0 
44 0 0 
73 0 0 
32 0 0 
38 0 0 
166 0 0 
27 0 0 
43 0 0 
86 0 0 
40 0 0 
84 0 0 
85 0 0 
14 0 0 
94 0 0 
116 0 0 
44 0 0 
76 0 0 
86 0 0 
41 0 0 
44 0 0 
43 0 0 
26 0 0 
88 0 0 
44 0 0 
49 0 0 
111 0 1 
36 0 0 
101 0 2 
106 0 0 
38 0 0 
26 0 0 
55 0 0 
63 0 0 
37 0 0 
30 0 0 
32 0 0 
38 0 0 
48 0 0 
49 0 0 
94 0 0 
103 0 1 
168 0 4 
74 0 0 
72 0 0 
108 0 0 
41 0 0 
55 0 0 
75 0 0 
27 0 0 
255 0 0 
44 0 0 
42 0 0 
48 0 0 
105 0 0 
115 0 3 
31 0 0 
26 0 0 
124 0 0 
162 0 1 
55 0 0 
152 0 2 
21 0 0 
53 0 0 
93 0 0 
90 0 2 
161 0 2 
148 0 3 
11 0 0 
30 0 0 
7 0 0 
83 0 0 
39 0 0 
126 0 0 
58 0 0 
78 0 0 
54 0 0 
29 0 0 
65 0 0 
39 0 0 
35 0 0 
154 0 5 
83 0 0 
173 0 2 
139 0 0 
37 0 0 
150 0 1 
27 0 0 
47 0 0 
27 0 0 
69 0 0 
166 0 2 
69 0 0 
159 0 0 
122 0 0 
62 0 0 
163 0 2 
38 0 0 
49 0 0 
159 0 0 
153 0 7 
40 0 0 
86 0 0 
44 0 0 
131 0 0 
153 0 0 
42 0 0 
62 0 0 
65 0 0 
28 0 0 
43 0 0 
29 0 0 
73 0 0 
37 0 0 
249 0 0 
143 0 0 
170 0 0 
126 0 0 
60 0 0 
36 0 0 
39 0 0 
39 0 0 
27 0 0 
158 0 6 
107 0 0 
139 0 6 
72 0 0 
53 0 0 
29 0 0 
68 0 0 
64 0 0 
44 0 0 
117 0 0 
32 0 0 
333 0 0 
58 0 0 
95 0 4 
162 0 0 
30 0 0 
165 0 2 
25 0 0 
44 0 0 
42 0 0 
158 0 0 
49 0 0 
46 0 0 
165 0 1 
38 0 0 
91 0 0 
47 0 0 
55 0 0 
95 0 0 
31 0 0 
102 0 0 
157 0 0 
67 0 0 
277 0 0 
26 0 0 
70 0 0 
37 0 0 
74 0 0 
100 0 0 
23 0 0 
71 0 0 
16 0 0 
152 0 1 
166 0 3 
41 0 0 
61 0 0 
129 0 0 
30 0 0 
